 	Unnamed: 0	q0001	q0002	q0004_0001	q0004_0002	q0004_0003	q0004_0004	q0004_0005	q0004_0006	q0005	q0007_0001	q0007_0002	q0007_0003	q0007_0004	q0007_0005	q0007_0006	q0007_0007	q0007_0008	q0007_0009	q0007_0010	q0007_0011	q0008_0001	q0008_0002	q0008_0003	q0008_0004	q0008_0005	q0008_0006	q0008_0007	q0008_0008	q0008_0009	q0008_0010	q0008_0011	q0008_0012	q0009	q0010_0001	q0010_0002	q0010_0003	q0010_0004	q0010_0005	q0010_0006	q0010_0007	q0010_0008	q0011_0001	q0011_0002	q0011_0003	q0011_0004	q0011_0005	q0012_0001	q0012_0002	q0012_0003	q0012_0004	q0012_0005	q0012_0006	q0012_0007	q0013	q0014	q0015	q0017	q0018	q0019_0001	q0019_0002	q0019_0003	q0019_0004	q0019_0005	q0019_0006	q0019_0007	q0020_0001	q0020_0002	q0020_0003	q0020_0004	q0020_0005	q0020_0006	q0021_0001	q0021_0002	q0021_0003	q0021_0004	q0022	q0024	q0025_0001	q0025_0002	q0025_0003	q0026	q0028	q0029	q0030	q0034	q0035	q0036	racethn4	educ4	age3	kids	orientation	weight
Unnamed: 0	1.0	-0.0012623673331070419	0.035838193678860604	-0.028696672839884783	0.020051917689266893	0.021705533956349797	nan	-0.0075489579085192835	-0.012488062150781047	-0.04805610765072406	0.019124107472831137	-0.06361438865658568	-0.013740995853456084	-0.011499166946369651	0.04329980120530739	-0.0014406679763720733	-0.02051464342272969	0.017090152828999925	-0.007441569081587755	0.01891759624303994	-0.03231581208509778	0.042996295027457214	-0.006447869017324687	nan	0.06930604823651161	0.07260835010624907	0.05181979358631125	0.051225125720219894	0.04667726186664304	nan	nan	0.058087645493982286	-0.00965298138069634	0.09752814327447655	0.03821674588876723	0.039253163026169734	0.04237472466055733	0.03495003819421964	0.05107135779858802	0.04713785835715412	0.09736158321224668	-0.013139215729749963	0.04469849951783179	0.040203597681197564	0.03263358321501314	0.11205090282929665	0.03960928647096898	-0.014562017770132465	0.01987706026445468	0.009694843084076251	0.03614460936789613	0.019133613905082388	0.11359887106157333	0.02956265419573728	0.04352951347555442	0.11208289169692383	0.11658623924963765	-0.04329082033805906	-0.019902634580074175	-0.02874643065313877	-0.0140660645923769	0.03200222354185881	0.007924907863410885	-0.04537970346009751	0.01456984101098547	0.0074906018701267766	nan	nan	nan	nan	nan	0.0017476797932307123	-0.027493815604968226	0.01328048254724066	0.049134788111462255	nan	0.03551980056702931	-0.031287022610529056	0.0767059262893976	-0.12376208665588465	nan	-0.007551933258884293	0.0436383522885738	-0.011121024536692885	0.10649671275940391	-0.025289272527889282	-0.027875408283548047	0.03483309324693237	0.03543058145568898	-0.014965410944846678	-0.12202113286593072	-0.08257878266000843	-0.011279668722174436	0.4857616754001321
q0001	-0.0012623673331070419	1.0	0.23886303223047986	-0.07933486242014069	-0.012741384356876278	-0.022480857689533333	nan	-0.036029309242235415	-0.00030090586148525127	0.03870147430071848	0.07129248462166951	0.1024640544166944	0.018128243136210347	0.015541252217638926	-0.006486999792754875	-0.037371761541745055	0.03988641242857793	0.12634494555603853	0.02840381600662206	-0.010869087443668001	-0.12213904187111575	0.024800188312454636	-0.06488098378146914	nan	-0.0512010166426968	0.04188209186389529	0.019836075417867152	0.046341275800120284	0.0011395643758654115	nan	nan	-0.01101685448833937	0.03233800540060008	0.005598775723123321	0.01634373356993716	-0.0038113916781849877	-0.003679561812180944	-0.015775809824307558	0.04849439639825986	0.0006278708590017155	0.009060206789276474	0.01595849888463935	-0.009408680792566109	-0.02977201148911219	-0.015642071542216186	0.04055562375609236	-0.01640491092695051	-0.043122450174040296	-0.0033245583863406323	0.029150229362389136	0.013635222665697465	0.019150482041760414	-0.022784894284300045	0.03622005103015927	-0.005026414410876799	-0.037977426323203556	-0.004755773745871642	0.08053219847471853	0.0389376939870595	-0.04393034944253269	-0.031453938271979676	-0.03121927870901467	-0.03086161024141651	-0.06759711553142506	-0.004800529823644274	0.001297771181226446	nan	nan	nan	nan	nan	0.022949743844633406	-0.014522265551932628	0.02167043114317109	-0.007917983521108053	nan	0.06653703521981902	0.022962110308414947	0.001974393029105271	-0.05217847692107768	nan	0.06620707623428962	0.0198612921345118	0.052596257463286854	-0.025765007095113212	-0.029788751436739327	0.04450081641859119	0.026079110963673664	0.01505335778126384	0.06487917915144713	0.03674439227764118	-0.05109000505863725	0.022574646893066073	-0.0008310385725952376
q0002	0.035838193678860604	0.23886303223047986	1.0	-0.06611828623509387	-0.0021414283325379728	-0.041777577542590254	nan	-0.08642403395234165	0.04512138201090002	0.03888250053281704	0.07915886328417297	0.09285724208756038	-0.061626232608665385	0.04831053548063791	-0.014920194369753706	-0.036055366608090014	0.08314683123497335	0.16443343350605222	0.04490560207932986	-0.005011343635907288	-0.06825453088555433	-0.03265336116489654	-0.13188075135384356	nan	-0.12404544213161106	-0.02590978401039964	-0.02172637917018979	-0.02739967353872059	-0.017894265824127335	nan	nan	-0.04506395731189609	0.07984203358976576	-0.011873174761346163	-0.022636127332875716	-0.020291638565448303	-0.0235129126462597	-0.03392266302555736	0.01112379523559739	0.01391897352734689	-0.005792888953412905	0.03668566139734423	-0.07232000277793078	-0.07324091630320512	-0.09797860822420333	0.06446562915671604	0.020226437720975408	-0.014447382838653775	0.03755268464714858	-0.007586893781192503	0.026089078831095805	-0.031283164425823295	-0.04497803365476349	0.05587523623263814	-0.03207319132805598	-0.04292713772942188	-0.06765657028030825	0.10115121315923246	0.010794854721732989	-0.039290258717032886	-0.007121248363469199	-0.01030203929500379	-0.04828961589757878	-0.06958701923770712	-0.0375222044010902	0.016669351616353047	nan	nan	nan	nan	nan	0.05305796620775606	-0.021347053470695227	0.002274193997217424	-0.034541412740802746	nan	0.01651647662951104	-0.02896074937504866	-0.01734729934752464	-0.03723621738275257	nan	0.05684883006164453	0.03399680223712581	0.01649799954658382	0.003981366529630152	0.015632722243393182	0.027146691174332716	0.036542227925329705	0.046484335341665364	0.018742645232012953	0.039509118979535185	-0.05246213287436451	0.021768782511380525	0.0019897778525782136
q0004_0001	-0.028696672839884783	-0.07933486242014069	-0.06611828623509387	1.0	0.223538184749659	0.18679740699892924	nan	0.14069981126712333	-0.2549488378712398	0.0022536642782655493	-0.07960553379085025	-0.10195984790253222	-0.015453006545537239	-0.08518864981767421	0.033606707212922624	0.0004333626108511814	-0.06910621922549963	-0.09726332990934322	-0.03597408718688705	0.0298657796882786	0.07770071746476442	0.005093112614051734	0.09206163591075439	nan	0.039601620576794894	0.006340076057071652	-0.01757817931372676	0.025532695407416182	0.008015594851386792	nan	nan	0.05415019917720526	-0.010375360016952937	-0.00963706412454713	-0.0034397892400743965	0.040525907161110535	0.028718393411068622	0.03139347569145029	0.013334819758663234	0.029443104373431634	-0.0014558613492704183	0.007787084297691143	0.04410090091663806	0.05818097292075506	0.05694059471555252	-0.0209411659223719	0.019359205461888903	-0.0021784155909096267	-0.008909548718330036	-0.0021784155909095955	0.031972333387056434	-0.02060642943257915	0.026830472508758727	0.020610212547573645	0.0063764817883603464	-0.014886684511645001	0.04022512772627549	-0.08880688168571915	-0.03614260560291131	0.11338919129398085	0.04068882459973891	0.05594580910372194	0.03100685264783177	0.063138091458355	-0.0049148452916643135	0.018835497766450514	nan	nan	nan	nan	nan	-0.022873264856391424	-0.027487960051989113	-0.04171167136656261	-0.031126451759941012	nan	-0.04660419967301402	-0.006051377859241619	0.02413267446946349	0.043265992353307026	nan	-0.021772668792561303	0.002673655358771299	-0.04956607096198398	-0.001862182056025547	0.012015916965928792	-0.04836817216693622	-0.03214892744310965	0.001964744976257886	-0.06985144912236164	0.016199458384497878	0.06951613746369757	0.010704968860769737	-0.03266317623888123
q0004_0002	0.020051917689266893	-0.012741384356876278	-0.0021414283325379728	0.223538184749659	1.0	0.3154707558024371	nan	0.19956568611859085	-0.09842143452620333	-0.02464906196460732	-0.024555772037499108	-0.028906604313834995	-0.030682252008149682	-0.03207116978482866	0.0203129782728517	0.05011839356953121	-0.035082947975085946	-0.03766431244719986	-0.02480685467183758	0.03615315693868949	0.0027574407781047186	0.028977063518061588	0.006000939663531098	nan	0.04926239556848828	0.021746216125349358	0.014875249057023929	0.040930211205459005	0.03139993498292951	nan	nan	0.04780715274157477	-0.010458936562621072	-0.0011010135036663407	-0.016979712808635285	0.03629557072946077	0.025731436211948743	0.02544694864867514	0.011551619360323647	0.028591962407685474	0.00289234644796574	0.01495017144942152	0.020024194965148137	0.00798044783151146	0.032822513642089546	0.004790957610025935	0.017767209760932736	0.044549248518406706	0.03969719640927981	0.05955384421334462	0.06208464712083754	0.01563783246407597	-0.028281273244675484	-0.0051306590159243375	0.022454067541122863	0.010601429954101127	-0.02179681543254614	-0.027149062875824907	-0.013172433572288858	0.06530313830749031	0.01771249269878079	0.0736587152765559	0.02084966305342879	0.04629019308741028	0.03816441701533603	-0.0021989621600785577	nan	nan	nan	nan	nan	-0.006206179857052544	0.004221619763133676	0.0039267602737819655	0.0018493421026089063	nan	-0.004746744993343599	-0.024814455705636545	-0.017373320497407977	0.012968562803539342	nan	0.003808454650566776	-0.0016616769740428956	-0.024039090503074543	0.030317680637959286	0.03915893677063142	-0.009348949437974216	-0.01651013578864118	0.005499151696479225	-0.04749084088511162	0.03895176803620044	-0.007810267821879209	0.01973424069986126	0.010233703588314616
q0004_0003	0.021705533956349797	-0.022480857689533333	-0.041777577542590254	0.18679740699892924	0.3154707558024371	1.0	nan	0.35433204704735094	-0.09318397521175487	-0.0230365251448217	-0.12731897605731754	-0.10616938954699702	-0.05562318181643211	-0.024445532183365697	0.04994250141653129	0.02175856670446972	-0.028000828281917706	-0.05877590854996917	-0.014467842952441372	0.05263899811059387	-0.0015120951227119016	0.006700038900015289	0.08189410535293855	nan	0.06397363757045096	0.059939377779153806	0.040041443021444745	0.08908260573290712	0.05320337761544163	nan	nan	0.08710969016921061	-0.058224468327636975	-0.0066398546672480725	0.0696486382351	0.07119492082406885	0.07550841895309303	0.05894158685763753	0.02997380733659533	0.025212249145620865	-0.000952925990951143	0.01156319103852825	0.008829679475391943	0.013674340222073124	0.02715538395251142	0.03321859600311434	0.03853732019983052	0.03543883825192566	0.006239540802188489	0.019984882864627098	0.021437798847450912	0.029441209941662917	0.021625913502631117	0.01256250008100866	0.015988434137763546	0.03622782551499141	0.02668137990921495	-0.019043607562554087	-0.00011693756820063224	0.019420860995177855	0.04544175357606296	0.06752898810430108	0.05570025846331137	0.06518754762875678	0.03931129310823722	0.0007042650063640243	nan	nan	nan	nan	nan	-0.005872778049189024	0.053259107309081205	0.020579341967642235	0.010190286528132749	nan	0.044449993404493966	-0.030084218460755513	0.058141007495009646	-0.014527193224103296	nan	-0.001216832487838967	0.002145006183992456	-0.023253063974561915	0.02194916059658079	0.02177111748261028	0.014041723640689716	-0.034155058195630986	0.010380935899653852	-0.02548630109393156	-0.007809378460812185	0.030352319550878998	0.002223455709419874	0.0052573122430640195
q0004_0004	nan	nan	nan	nan	nan	nan	nan	nan	nan	nan	nan	nan	nan	nan	nan	nan	nan	nan	nan	nan	nan	nan	nan	nan	nan	nan	nan	nan	nan	nan	nan	nan	nan	nan	nan	nan	nan	nan	nan	nan	nan	nan	nan	nan	nan	nan	nan	nan	nan	nan	nan	nan	nan	nan	nan	nan	nan	nan	nan	nan	nan	nan	nan	nan	nan	nan	nan	nan	nan	nan	nan	nan	nan	nan	nan	nan	nan	nan	nan	nan	nan	nan	nan	nan	nan	nan	nan	nan	nan	nan	nan	nan	nan	nan
q0004_0005	-0.0075489579085192835	-0.036029309242235415	-0.08642403395234165	0.14069981126712333	0.19956568611859085	0.35433204704735094	nan	1.0	-0.10947585772766864	-0.06377755292724444	-0.07046311368541892	-0.12893595149840295	-0.0690429675236943	-0.008794945264528824	-0.041611717611749255	0.01725076313287208	0.02750541387475481	-0.02137143690933106	-0.01447550650376979	0.03662391550567922	-0.02667471939406837	0.03491438733189725	0.0998902219555771	nan	0.12172923225449565	0.06213117747382089	0.08998718039391539	0.08013161696291476	0.053927186927909744	nan	nan	0.01258850472962846	-0.05550151498387332	0.011579688898225547	0.0594221611030975	0.058302959855820395	0.04855448226170408	0.056577031888551066	0.03139009012292086	0.049221766172741266	-0.007553248211534399	-0.014432289404264031	0.056648061973870706	0.04449227765743879	0.03075961980216801	-0.008379142572960492	-0.007213839027612311	0.021153180857435235	-0.012126485827173539	0.02115318085743538	0.03472973369291873	0.015477179267225145	0.005668110606198372	-0.030510823611991592	8.913331936756479e-05	-0.01705409555391298	0.02170851794195697	-0.04146426529873023	-0.030725285498665492	-4.9966858914598464e-05	0.06001133684539521	0.07168923780511786	0.08760196702143805	0.044360495977915256	0.059834614945819764	-0.037643128625986705	nan	nan	nan	nan	nan	-0.040386216929097635	0.0795275903425365	0.02153258459188832	0.020232126222161216	nan	0.04258809713230185	-0.09038760876327664	0.018172156641272464	-0.09368516020173914	nan	0.01644563026779929	0.007637482159140113	0.009556478317993231	0.03403162702827364	0.02144645509135183	-0.05407921925899135	0.012909577860898492	-0.007707945536662545	-0.017800153711729046	0.036312849186473484	-0.07862793143662224	-0.029044260482092563	0.027182587765296303
q0004_0006	-0.012488062150781047	-0.00030090586148525127	0.04512138201090002	-0.2549488378712398	-0.09842143452620333	-0.09318397521175487	nan	-0.10947585772766864	1.0	-0.04862158442326782	0.009940462050443927	-0.013235034048372332	-0.04254424305663768	-0.014398527124600257	-0.017406967931112276	0.03285782699832636	-0.012086513223663602	0.05647236465534663	0.01945521212060555	0.057014841995920475	0.00512738632450001	-0.014562987868452603	-0.022169604848768447	nan	-0.03603334757169844	-0.04342677100036886	-0.022136916076097565	-0.02272497811703655	-0.028936917300029952	nan	nan	-0.015321413971743515	0.034513108450978935	-0.03401458829954579	-0.08571450072828868	-0.043017251785877536	-0.027825475328022545	-0.05759286560959205	-0.012712467441671437	-0.019438641829335277	0.0001625843177969105	0.10139476286117717	-0.01303756941743544	-0.06563184758432118	-0.05624355307040394	0.011232354432011192	0.07050779557338903	0.013036617636806632	-0.0034571066734672526	0.003890597878577695	0.006147569958957391	-0.05361789130518876	-0.026965282114662564	0.0694214414193604	-0.057932138615738885	-0.04025716849371276	-0.04692514489737685	0.04166260580678041	0.036485466777169163	0.003672586324074561	0.03851700786960395	0.014246163084600886	0.00776928186658345	0.04969201838500241	0.034016972482591674	0.1433170623421854	nan	nan	nan	nan	nan	0.16542825902940067	-0.032490758745084156	-0.037145097106348036	-0.03133790001164781	nan	-0.0012065961965557902	0.04059988171644395	0.0053053946224625795	0.03933852092184323	nan	-0.00042151358608850015	-0.027982268992268376	0.05051163222957772	-0.02369021941140124	-0.00878586672329509	0.06388516903360439	-0.009195873059726379	-0.0043965303319312005	0.0703892068488812	-0.0021981620511767456	0.04555840052027908	0.03210024754263063	-0.023991373797115603
q0005	-0.04805610765072406	0.03870147430071848	0.03888250053281704	0.0022536642782655493	-0.02464906196460732	-0.0230365251448217	nan	-0.06377755292724444	-0.04862158442326782	1.0	0.06535634055340965	0.10806852916920004	0.08517405610005963	0.05469658901650894	-0.005471034524246645	0.039468081890361766	-0.018662991070755988	-0.002671127952901157	0.0315681652199544	-0.07716652125382426	0.07774616705301035	-0.07697478803257783	-0.0703521862333589	nan	-0.09557690334604851	-0.05764645565106582	-0.0381939036814388	-0.06914478673749162	-0.12437247674453776	nan	nan	-0.07361655645738438	0.11292895909410516	-0.047598316304760434	-0.05935562896536029	-0.06418787094139614	-0.026765036303444706	-0.05022379036193365	-0.048308372423430584	-0.02482542278624286	0.013562288313804433	-0.04095862324357982	-0.03868604139578834	-0.05267180024234861	-0.07578668898014443	0.04449378870559609	-0.04510664533558694	-0.018710238271005365	-0.02152316092302193	-0.047653758201727	-0.02741147428596792	-0.02424617691746433	0.004682647894925898	-0.06592677253858835	-0.013368841251244786	0.025947135901325122	-0.027755884039172073	0.10554034914982709	0.04310661961610733	0.08483689863607147	-0.0210669235038331	-0.021372694172562032	-0.09153312466953088	0.013910028418730819	-0.03907940564548074	-0.031699798713306346	nan	nan	nan	nan	nan	-0.042711842496129235	-0.08392764160211443	-0.061327060608616736	-0.06920636445130209	nan	-0.012161401946869925	0.09837974694343836	-0.03623719686647612	0.11808184616783952	nan	0.019366495841524962	-0.041498425263135505	-0.013812925286898608	0.004368928053019686	0.034260871984706245	-0.0021586716337597305	-0.06021782269095574	-0.04309942003292739	-0.033268437009343704	-0.03435792771245344	0.09033139287871988	0.06734194263597816	-0.06020512391684644
q0007_0001	0.019124107472831137	0.07129248462166951	0.07915886328417297	-0.07960553379085025	-0.024555772037499108	-0.12731897605731754	nan	-0.07046311368541892	0.009940462050443927	0.06535634055340965	1.0	0.4519806368376987	0.1034611648395859	0.13130673567021114	-0.027092292696928574	0.037026859377147975	0.07998379403433029	0.07291872991989241	-0.009116831133839539	-0.0687137168765053	-0.01172370349538259	-0.026819363624192107	-0.07335782655320099	nan	-0.07261702790371508	-0.03925905087798244	-0.022786541141702255	-0.06947548513630811	-0.0730180744730679	nan	nan	-0.05697482947550838	0.08816244467243853	-0.0759573883379629	-0.047797977795999286	-0.09099814651144719	-0.08099029138763715	-0.07479697297531633	-0.0530483246891727	-0.05161493367452167	-0.06632756238665367	-0.022715125629303647	-0.06625854565660198	-0.09873214852238549	-0.08190153807989548	-0.05871581526441549	0.023847376226845136	-0.04067875789972121	-0.020432081756098962	-0.044308983572930234	-0.08064532215310981	-0.027104129201574984	-0.08963540387323367	-0.0100610610370706	-0.021928728256021945	-0.06949227704477762	-0.15701416472166493	0.08759252184526148	0.07981094420663104	-0.05316174182117451	-0.011227979636653137	-0.024703133381193298	-0.05078488250072581	-0.06683865949308582	-0.018339899825351374	0.005506760281484262	nan	nan	nan	nan	nan	0.03482486269630934	-0.004594108339881503	-0.026245997873010418	-0.03834488195318549	nan	-0.0162283193789923	0.002975460591127577	-0.035955486078470246	0.018139459581630695	nan	0.02897058808385449	0.0018868497910961794	0.04256512948144541	0.041266823532817014	0.04256364152750667	0.02864069327799545	-0.01883555534540278	0.028617357702832674	0.022859008251869085	0.009597406276497735	-0.01986097817635361	0.034500272975328594	-0.009725555049659268
q0007_0002	-0.06361438865658568	0.1024640544166944	0.09285724208756038	-0.10195984790253222	-0.028906604313834995	-0.10616938954699702	nan	-0.12893595149840295	-0.013235034048372332	0.10806852916920004	0.4519806368376987	1.0	0.19005527934483907	0.12437339857273863	-0.03419676358944222	0.009775039231950578	0.0059701599749190145	0.11951587351260647	0.023617412334571933	-0.16257762737407108	-0.04466106524774239	-0.04367982300141141	-0.08248272569286262	nan	-0.09432108969247202	-0.049478646318318754	-0.06878082389466347	-0.05060238073286361	-0.09600442774932211	nan	nan	-0.11342854715212836	0.1468355069363831	-0.07213265339011224	-0.046064158602814	-0.07174218564947028	-0.05777270773751287	-0.07097434199703496	-0.04865868890984509	-0.03806945402411136	-0.06424114447345493	-0.035236439217355	-0.0557465944417458	-0.12101082927616212	-0.09754272482596482	-0.0018428591011748741	-0.005582168072334479	-0.09041547568610168	-0.02487611472742502	-0.08377242062795912	-0.12034662763425637	-0.0010964586764745999	-0.061178861684692484	0.022373308409228226	-0.004865450090432634	-0.04497045461488232	-0.15351056580806402	0.10341459832467156	0.09724848899308391	-0.06067536919795727	-0.03208609338331573	-0.043483753489846254	-0.026933894436269576	-0.037042023332173483	0.0010606817850149883	-0.01351243541858642	nan	nan	nan	nan	nan	0.044400990298893	-0.04433017752143528	-0.01340670678452687	-0.030990365270991024	nan	-0.020789682141700214	0.016584653647056285	-0.05629142405975152	0.02223451585114202	nan	0.014384962765766509	0.05136041575195413	0.03600590549439219	0.031626673287981744	0.016238098708490255	0.0442488251833636	-0.009044436220031385	0.0606527443783136	0.04360095828237728	0.033753706956318415	-0.019036558610485633	0.08239576001984301	-0.018759188318144188
q0007_0003	-0.013740995853456084	0.018128243136210347	-0.061626232608665385	-0.015453006545537239	-0.030682252008149682	-0.05562318181643211	nan	-0.0690429675236943	-0.04254424305663768	0.08517405610005963	0.1034611648395859	0.19005527934483907	1.0	0.015948363679077277	0.05604741138722947	0.10698471199343777	-0.008319835437189504	-0.02793641905186366	0.013891490048599662	-0.09678138256818519	-0.030247463527202176	-0.02389065828516207	-0.05091049606282429	nan	-0.028258716829967338	-0.005500555504223435	-0.02497403387775885	-0.04404200864038898	-0.028948731273457016	nan	nan	0.00970025586687192	0.019066848152469944	0.029256153327396905	0.003119146815606564	-0.019569551417593443	0.0020841614903765486	-0.01214352791668989	-0.011027238038396198	0.01631461004279058	0.0008473319967095755	0.013486460258974925	0.017643396869841645	0.033278113232223835	0.017602210795139607	-0.036781738879417276	0.018823396352297333	-0.02035784732373653	-0.03541063391978676	-0.02306229113617646	-0.020268492966456744	0.014952008050390323	0.005275223615110987	-0.006027116343584989	0.02323994787835007	0.007923034316031292	-0.019310139467020943	-0.01779224231928596	0.029298256065150317	0.05443980713408268	-0.0286572615831347	-0.010476883871396699	0.03996826271309376	0.05673163739412742	-0.03215046669473748	-0.0396527807215938	nan	nan	nan	nan	nan	-0.047583076747636725	0.0027959473788149248	-0.009541470203612583	-0.02256626017676105	nan	-0.03950858621880097	0.04122399192824489	-0.000664162938258469	0.036910795355916674	nan	0.0496678861364761	0.05599496358362069	0.009421128838654143	0.0351845349767086	0.004316807505525132	0.02107572979677348	-0.02425850660300908	0.05334123999335322	-0.0027931972977573044	-0.05951559460207851	0.025434189853963084	0.14733186920834132	0.047461852972840744
q0007_0004	-0.011499166946369651	0.015541252217638926	0.04831053548063791	-0.08518864981767421	-0.03207116978482866	-0.024445532183365697	nan	-0.008794945264528824	-0.014398527124600257	0.05469658901650894	0.13130673567021114	0.12437339857273863	0.015948363679077277	1.0	-0.008182193798113255	-0.03738779978567598	0.00686380245733198	0.058510000125920295	0.041899903097380196	-0.08991430174639757	-0.056098258337084046	0.011652198204752611	-0.049910335583408315	nan	-0.027905086284717835	-0.04509760432035349	-0.029342156829129412	-0.03823457712858995	-0.012262405762274492	nan	nan	-0.005810448548418609	0.06534641658435927	0.026938806385159556	0.020105806545189224	-0.01586595172167342	0.021900598839803925	-0.0015136574365588913	-0.004226784100208361	0.019000597857475342	-0.006949975720781486	-0.005188981473040718	-0.0043303004938574155	-0.006520551114629714	0.00816657299789419	-0.009084399056150888	0.010588916235121041	0.0187060702923117	-0.006398711334966276	-0.00411353391660793	-0.03179852311186534	0.0037076019311811847	0.00468342783888432	-0.0362735066527392	0.008799951717175703	-0.015337129866770272	-0.03952989746329273	0.0545393898029229	0.018559334147940486	-0.020784091150230496	-0.004626328914626135	-0.006050713340387589	-0.06714353134974219	-0.03928186257615915	-0.019227139840517663	-0.03245661588047243	nan	nan	nan	nan	nan	0.003914003094897665	-0.03680888841572779	-0.0020598996552569685	0.02025039800753735	nan	0.04646203833941088	0.016189146806979984	0.0007763518273162595	-0.006077820049574479	nan	-0.000362852291049022	0.03308034714093286	0.0564123106954328	-0.00429345652147396	-0.004425361644342276	0.028707318631609385	-0.01680870565575942	0.03835354117195171	0.060156669911204746	-0.03765308379526563	-0.010437257556100253	0.02824952100518396	-0.0006612850182998978
q0007_0005	0.04329980120530739	-0.006486999792754875	-0.014920194369753706	0.033606707212922624	0.0203129782728517	0.04994250141653129	nan	-0.041611717611749255	-0.017406967931112276	-0.005471034524246645	-0.027092292696928574	-0.03419676358944222	0.05604741138722947	-0.008182193798113255	1.0	0.01091132889485293	0.07292350327648782	-0.021611615390102718	-0.03469081247741399	0.052173371000386444	-0.05168198910853095	0.07482147731184212	-0.0127562845134578	nan	0.016759845605175107	0.038655433736578336	0.04994399371776584	0.022592554444797228	0.05506563585760933	nan	nan	0.06625266464806787	-0.07980265752566766	0.10584336754785488	0.030432638156241212	0.02853951209780563	0.03870223002707773	-0.0029979803622877947	0.014850188976464047	0.02547164702337961	-0.022856657375180122	0.023149882036612786	0.09367460344905221	0.07063089097710037	0.05557910871260338	-0.06125896883764638	0.036695958965523134	0.08742803542148854	0.023797668431893793	0.06435611997623565	0.07728391498120041	0.02758770689736739	-0.03786533083055728	0.04168800684739	0.02598351354794206	0.029411062361361207	0.03576907355237865	-0.06304012957035235	0.00023385290793532748	0.031592585560318215	0.03567230093368569	0.013514432162899855	0.012774459174698077	0.02917596017695257	0.01182460341377277	-0.04689127987485498	nan	nan	nan	nan	nan	-0.04970491728247489	0.06705841536955325	0.0709451450721909	0.07175484581432952	nan	0.09104297188848859	-0.024398316553464597	0.06078085312305722	-0.07429852684503979	nan	0.044287252717307074	0.0740748560226461	0.026934606241904486	0.005988474897745436	-0.06048716942662484	-0.014863970728325277	-0.0032873214633109674	0.07013239422353852	0.013708127499143683	-0.008068865587774036	-0.04056798891951901	0.05485129628129084	0.06714159850427959
q0007_0006	-0.0014406679763720733	-0.037371761541745055	-0.036055366608090014	0.0004333626108511814	0.05011839356953121	0.02175856670446972	nan	0.01725076313287208	0.03285782699832636	0.039468081890361766	0.037026859377147975	0.009775039231950578	0.10698471199343777	-0.03738779978567598	0.01091132889485293	1.0	0.08344020015771424	-0.012143240362214059	-0.008111266421842334	0.05983102951315169	0.01829348675368673	0.005092495038239913	-0.003731583558812159	nan	0.00088724837236301	-0.018330448702474758	0.0013572534976893397	-0.02300831984763712	-0.025796064419176288	nan	nan	-0.004195562960363374	-0.022171258785075344	0.0071547446304236866	0.0052501098505527985	0.003326340763798456	0.008935536256924923	0.001957907480763544	-0.025661086981096724	-0.0024472682664668077	-0.03304382359787764	0.015306861187180845	0.014795850847243355	-0.016182841792792613	-0.024801878477741523	-0.00067171699345466	-0.008062784539427175	-0.015391194658341897	-0.01107203194605507	-0.0020720898367895223	-0.010043516325577638	-0.016558443709494074	0.007012795560597215	-0.03843004039882335	-0.014182217590636273	-0.0064024001162806396	0.007281014230546027	-0.03601065761958959	0.030990926561730706	0.06958460231099768	0.006643293619014332	0.06409774986295473	0.044990122237405	0.0648128152935256	0.005333484265543182	-0.011751803322153786	nan	nan	nan	nan	nan	-0.05999126365900854	-0.009342651581011191	-0.03265912660463633	-0.03775685675082829	nan	0.01248932215248902	0.11874000197940583	-0.019072512264599554	0.1305839609068148	nan	0.08562317918258133	0.014946849785292498	0.014338949918072514	0.020645922318591494	-0.00788464670799155	0.010754981300144805	0.003119250279832297	0.029633952179202745	0.008320286199476421	-0.013799720741810904	0.11846676623498169	0.13076894097249944	-0.010614814361378141
q0007_0007	-0.02051464342272969	0.03988641242857793	0.08314683123497335	-0.06910621922549963	-0.035082947975085946	-0.028000828281917706	nan	0.02750541387475481	-0.012086513223663602	-0.018662991070755988	0.07998379403433029	0.0059701599749190145	-0.008319835437189504	0.00686380245733198	0.07292350327648782	0.08344020015771424	1.0	0.15232627030409973	0.022990184214754524	0.09305221528074058	-0.09700353160708372	0.04353796961552692	0.010786448545843527	nan	0.020324988070113386	0.034674756934470086	0.02206329343817567	0.021516498139649898	0.035631256818406946	nan	nan	-0.0782352755765797	-0.04276786462668034	0.013749228290874826	-0.003349969604714924	-0.021787980126614467	-0.04917703251229443	-0.06056104389483975	-0.05279743351706199	-0.005649814354804772	-0.06968307870663576	0.0039911142123809935	0.006640366158327411	-0.0325011260248182	-0.062029050530499515	-0.04125246057829186	-0.014384675936818407	-0.023981853981495382	-0.03753229341773626	-0.01964082123321907	-0.0413953541419713	0.012699473208579113	-0.049477105686435936	-0.004088901383701695	0.008882394260866013	-0.05586329517630187	-0.02764400563576933	0.04444534714625455	-0.022439163565480476	-0.06475020552732802	-0.01770091314381739	-0.00874752226215627	0.0025494940898321814	-0.03377384327087403	0.027017472387497063	-0.038532169964723535	nan	nan	nan	nan	nan	-0.02383578487281974	0.0383746587727865	0.023393058712303866	0.054199523304226484	nan	0.07215218005584675	-0.09149510262639471	-0.07071497556533747	-0.07696208227472141	nan	0.2130890993043268	-0.0056920285362628996	0.01968211378587657	0.0006413869640791694	-0.03916593296889495	0.008303275267400937	-0.013926613281362155	0.0005913599081300533	0.018657125325909223	0.002314046774835209	-0.11877763439219925	-0.08264417908109226	0.021254630333120098
q0007_0008	0.017090152828999925	0.12634494555603853	0.16443343350605222	-0.09726332990934322	-0.03766431244719986	-0.05877590854996917	nan	-0.02137143690933106	0.05647236465534663	-0.002671127952901157	0.07291872991989241	0.11951587351260647	-0.02793641905186366	0.058510000125920295	-0.021611615390102718	-0.012143240362214059	0.15232627030409973	1.0	0.06024080423866345	-0.02113969246919701	-0.12428798564320116	-0.00214201797821602	-0.08276320291108953	nan	-0.03133576663961313	0.012433119276858178	-0.0072569292976320905	0.012193057184818277	0.028378224903732104	nan	nan	-0.023481494345793573	0.05291236428630493	0.007912971424621504	-0.03117243695384232	-0.0046176060133084834	-0.028393514906887938	-0.014059565090816255	-0.001366262912779763	-0.02959915781643847	-0.04278884702974117	0.007715760403360586	-0.040059040051564104	-0.06253512064283515	-0.0505001636803819	-0.005866943465045917	-0.018731941844695097	-0.04576606908612512	-0.014969567300845974	-0.01915741043286605	-0.034382904310841955	0.009346807295105836	-0.042816214121648405	0.023822704935587732	-0.012290382589797965	-0.020362829527669036	-0.09572660514387867	0.10015319764033193	0.012000439169813517	-0.07131727410936553	-0.006229620974220064	-0.045173278459740736	-0.020009912381201957	-0.04938375172411135	-0.02517887806048452	-0.014679467740918974	nan	nan	nan	nan	nan	0.03563048337913829	0.00316110258867926	0.01720460403002292	0.0025826556457590444	nan	-0.031172436953842062	-0.05077281599424627	-0.017414849101219574	-0.05731788637895584	nan	0.045263394520948484	-0.03972237240061452	0.006908775512772086	0.024015297224517288	-0.0011725651053162412	0.03753666920358035	0.035220963229873024	-0.0338091572099296	0.020943861431776754	0.030110485266831716	-0.08670425439992822	-0.06878320194565093	-0.014315304010647869
q0007_0009	-0.007441569081587755	0.02840381600662206	0.04490560207932986	-0.03597408718688705	-0.02480685467183758	-0.014467842952441372	nan	-0.01447550650376979	0.01945521212060555	0.0315681652199544	-0.009116831133839539	0.023617412334571933	0.013891490048599662	0.041899903097380196	-0.03469081247741399	-0.008111266421842334	0.022990184214754524	0.06024080423866345	1.0	0.09063437548023213	0.04433783523049014	-0.00826786437599652	-0.020569283203728868	nan	-0.023681800977093256	0.017737123856921236	0.01179478599032685	0.012557186675877494	-0.014456320841115282	nan	nan	-0.06896318793599687	0.05231656856511039	-0.00012931584656961282	-0.042190290047642284	-0.012140637077261257	-0.0003670444720648342	0.008236274286380496	-0.04094151185445721	-0.025658341904555987	-0.009759580472199172	0.004292994616085285	-0.051924703551637814	-0.036816882949475604	-0.004959154735517252	-0.00623352957902458	-7.223412491190427e-05	-0.017529546027164444	-0.028592917684355845	0.0029943991174630176	-0.04780626440421851	-0.0011130954631845258	-0.007910975075182888	-0.05543811476346559	-0.010631651535600842	-0.023617112385252444	-0.05269837489532506	0.030560522711066965	-0.0045200363947283636	-0.05020297590171563	0.015028755912198006	0.011565465197907757	0.008192614373752403	0.03265381121878283	0.005991358391556573	-0.010280210167990142	nan	nan	nan	nan	nan	0.06520011156639821	-0.005505703247179605	-0.02499746464239506	-0.0011067049742417936	nan	-0.028246297736797817	0.028927102801734977	-0.044370451691416964	0.007500207973656082	nan	-0.022329617864215674	-0.015531584211772038	0.021419545643218983	0.016380778666127485	0.026115267110710258	-0.006948317953882545	-0.021606536932836574	0.016088403194028256	0.030343185191950044	0.030355336436342938	-0.013900591812169658	-0.03042530306478006	0.02788108315155468
q0007_0010	0.01891759624303994	-0.010869087443668001	-0.005011343635907288	0.0298657796882786	0.03615315693868949	0.05263899811059387	nan	0.03662391550567922	0.057014841995920475	-0.07716652125382426	-0.0687137168765053	-0.16257762737407108	-0.09678138256818519	-0.08991430174639757	0.052173371000386444	0.05983102951315169	0.09305221528074058	-0.02113969246919701	0.09063437548023213	1.0	0.0452187388307965	0.005425562716965547	0.08279022353495094	nan	0.09029208032853094	0.04256585597968575	0.05893898965022807	0.07514135227696554	0.08245544665522982	nan	nan	0.08251988385149422	-0.12501473411207656	0.07341169986730933	0.05889107428989275	0.07864165927585666	0.060059409184652045	0.0761319320257717	0.04571051547932441	0.04597491275737605	0.01900083619990407	0.03951803926333689	0.003172569817539076	0.04056148912988053	0.06419499221447922	0.017219172531404935	0.05181299889842877	0.028080377438380072	-0.0050853266006447495	-0.008412169629200474	0.006965453146475595	-0.03071556550259545	0.09411532319697435	0.010849996699275158	-0.034536541058224506	0.05041425881644796	0.09549286239618195	-0.08816350812823487	-0.046326087821504935	-0.03930033750396212	0.019532515240972118	0.04242433445334683	0.09949445330874263	0.04878488074015999	0.04960422622639723	-0.005271675702661084	nan	nan	nan	nan	nan	-0.02056705733891105	0.009467218453928679	0.0068591679506420445	0.010537629970824821	nan	0.00505467392686649	0.03786118030866042	0.03465308821828539	-0.03354452512738356	nan	0.01721997823071966	0.030106134226583026	-0.016330442122735926	0.009301647048966041	-0.0022306657130402156	0.05388788230297097	0.01381491243433723	0.03353481822889198	-0.013113392032052409	-0.04732295410678327	-0.005410049422155947	-0.014282199654350276	0.06685114308608897
q0007_0011	-0.03231581208509778	-0.12213904187111575	-0.06825453088555433	0.07770071746476442	0.0027574407781047186	-0.0015120951227119016	nan	-0.02667471939406837	0.00512738632450001	0.07774616705301035	-0.01172370349538259	-0.04466106524774239	-0.030247463527202176	-0.056098258337084046	-0.05168198910853095	0.01829348675368673	-0.09700353160708372	-0.12428798564320116	0.04433783523049014	0.0452187388307965	1.0	-0.05201470623520415	-0.024853660566912184	nan	-0.1248550246742639	-0.15988335709902546	-0.12350618179686913	-0.15427054136182478	-0.25081042424323674	nan	nan	-0.08384368496395546	0.024172685675874998	-0.05174007275182688	-0.001643630585254467	-0.008935403176286352	0.020667442387357196	0.008706685473329185	-0.045747027182017876	0.010941871534489582	0.02427333646526721	0.004861755199356839	0.027718883153895955	0.023047733575450386	0.00784619617493802	0.011991404407317085	-0.0006371152486010943	0.048553720645378426	0.06050225706374891	0.06220332704460715	0.02150102402008719	-0.008509718662046134	-0.031217187274338018	0.01741252809991742	-0.0025690068359207553	0.030597926893448407	0.012671669361647812	0.042376010191118245	0.003423940048615553	0.029850295795067573	0.018747794435847284	-0.039559452533319946	-0.06895024697281656	-0.010093120466476672	-0.04882415331166998	0.026475232322416865	nan	nan	nan	nan	nan	0.0038764860834986357	-0.07167803478097343	-0.02502164714013087	-0.026951044388521504	nan	-0.0624781745777514	0.10400201150439672	0.0028315283407429654	0.12399071024174024	nan	-0.04974395258634402	-0.003805249687636345	-0.05298970913546476	0.009093824330077955	0.03530246247078122	-0.023968906718233915	-0.042472113491376196	-0.011008016775322147	-0.047567877032350395	0.039989158871108536	0.13247006713028606	-0.005872285727567602	-0.07107838815558352
q0008_0001	0.042996295027457214	0.024800188312454636	-0.03265336116489654	0.005093112614051734	0.028977063518061588	0.006700038900015289	nan	0.03491438733189725	-0.014562987868452603	-0.07697478803257783	-0.026819363624192107	-0.04367982300141141	-0.02389065828516207	0.011652198204752611	0.07482147731184212	0.005092495038239913	0.04353796961552692	-0.00214201797821602	-0.00826786437599652	0.005425562716965547	-0.05201470623520415	1.0	0.07560365886075396	nan	0.15896484309245543	0.20203041058240612	0.12813742314211166	0.14061994346877266	0.08132495800187868	nan	nan	0.06933559744641314	-0.08805306009565339	0.006222420221825112	0.05430317819952928	0.04664844743148067	0.05994940244150228	0.048007192019277736	0.08638340487469248	0.0874767510229428	-0.0374140081780516	-0.02314241240469923	0.030266816245916345	0.030996561681539456	0.06518947635891904	-0.03970992379980559	0.003952133104947289	0.04121979723973019	0.055330979906727584	0.07927065322267114	0.08242701667356467	0.09487593849027293	-0.03925161707718518	-0.03042177862042854	0.08338764753052329	-0.010698885959450621	0.050903097817625774	-0.083028712063939	-0.04898095801595534	0.002823784922228089	0.03514943676432068	-0.002847869961456484	0.0636831437861691	-0.013365390777435458	0.019192383433431933	0.005377837663694535	nan	nan	nan	nan	nan	-0.018149700255434466	0.060631761548524316	0.1349677255878305	0.05956088076555246	nan	0.06464389660446437	-0.09801595897614276	0.018373741040474272	-0.09071409383224467	nan	0.05820060046070949	0.07939033484022907	-0.007483211018420785	0.011693947231657911	-0.016659252444380702	-0.010723295109711576	0.0290713334708755	0.08077995884878768	-0.014578882232824778	0.06559904092190294	-0.07116105303979524	0.03315798612987151	0.08385529552535713
